437, 466, 464, 521, 404, 428, 428, 478, 373, 396, 393, 438, 351, 371, 368, 410, 333, 350, 349, 386, 320, 336, 334, 365, 310, 325, 323, 351, 304, 315, 315, 342, 299, 310, 309, 335, 296, 306, 306, 331, 295, 305, 305, 329, 297, 305, 306, 332, 300, 309, 309, 333, 305, 315, 316, 342, 313, 324, 323, 352, 324, 335, 334, 367, 339, 351, 350, 387, 357, 372, 369, 410, 379, 396, 393, 442, 410, 430, 430, 479, 471, 501, 496, 575,
427, 457, 453, 499, 390, 418, 417, 456, 362, 386, 386, 420, 339, 361, 360, 391, 323, 342, 340, 369, 311, 327, 327, 352, 300, 314, 315, 336, 294, 305, 307, 325, 289, 300, 301, 318, 286, 296, 297, 314, 285, 295, 296, 312, 286, 296, 297, 314, 289, 298, 299, 317, 294, 304, 304, 325, 302, 312, 312, 335, 312, 324, 323, 351, 324, 337, 337, 368, 341, 357, 356, 390, 362, 379, 378, 417, 389, 409, 407, 452, 441, 472, 473, 531,
413, 436, 435, 477, 377, 402, 400, 435, 352, 373, 372, 402, 330, 350, 350, 375, 315, 332, 332, 355, 303, 318, 318, 337, 293, 307, 307, 323, 286, 298, 298, 311, 281, 291, 292, 304, 277, 287, 288, 299, 276, 285, 286, 297, 277, 286, 287, 299, 280, 289, 290, 302, 285, 295, 295, 310, 292, 302, 302, 321, 302, 314, 313, 336, 314, 327, 327, 352, 330, 344, 342, 375, 350, 366, 366, 401, 373, 392, 391, 430, 419, 452, 447, 511,
400, 422, 419, 461, 369, 389, 390, 422, 343, 362, 362, 391, 325, 341, 339, 364, 310, 324, 323, 343, 298, 310, 309, 325, 289, 298, 298, 310, 281, 290, 290, 299, 276, 282, 283, 291, 271, 278, 278, 286, 270, 276, 277, 284, 271, 277, 278, 286, 274, 281, 282, 290, 280, 287, 287, 299, 286, 294, 295, 309, 295, 306, 305, 323, 306, 319, 317, 341, 321, 335, 334, 362, 340, 356, 355, 387, 362, 380, 380, 417, 404, 428, 428, 490,
389, 411, 409, 446, 361, 379, 379, 409, 337, 354, 353, 379, 319, 333, 333, 354, 304, 317, 315, 333, 294, 303, 302, 315, 284, 292, 291, 301, 276, 282, 282, 289, 270, 274, 274, 280, 265, 270, 270, 275, 266, 269, 269, 273, 266, 270, 270, 274, 269, 273, 273, 279, 275, 279, 279, 288, 282, 287, 287, 298, 291, 299, 297, 314, 301, 312, 311, 330, 316, 327, 326, 351, 332, 347, 346, 375, 354, 371, 370, 404, 387, 419, 416, 468,
383, 404, 402, 437, 353, 372, 372, 402, 332, 348, 348, 373, 314, 328, 327, 347, 300, 312, 310, 327, 289, 298, 296, 308, 280, 286, 285, 293, 272, 277, 276, 281, 265, 269, 269, 271, 260, 264, 264, 266, 261, 262, 262, 264, 261, 263, 263, 265, 264, 267, 267, 270, 270, 273, 272, 278, 278, 282, 281, 290, 286, 293, 292, 304, 297, 306, 305, 322, 310, 321, 320, 342, 327, 341, 339, 366, 349, 364, 362, 395, 380, 409, 403, 462,
380, 399, 400, 435, 351, 369, 369, 399, 329, 344, 343, 368, 311, 325, 323, 342, 299, 309, 307, 322, 287, 295, 293, 303, 278, 283, 282, 288, 269, 273, 272, 275, 263, 265, 265, 267, 259, 261, 261, 261, 258, 258, 259, 259, 259, 259, 259, 261, 261, 262, 262, 265, 268, 269, 269, 273, 275, 277, 277, 284, 284, 289, 288, 299, 296, 302, 301, 315, 308, 317, 316, 336, 325, 336, 335, 360, 345, 358, 358, 387, 382, 402, 403, 455,
379, 397, 398, 434, 352, 367, 368, 397, 328, 344, 343, 367, 310, 323, 322, 341, 299, 308, 306, 321, 287, 294, 292, 302, 277, 282, 281, 286, 269, 272, 271, 274, 263, 264, 264, 265, 259, 260, 259, 260, 258, 258, 258, 258, 258, 258, 258, 258, 261, 261, 261, 262, 267, 268, 267, 270, 274, 277, 275, 282, 284, 288, 286, 296, 295, 301, 299, 314, 310, 316, 315, 335, 325, 335, 333, 358, 346, 357, 356, 388, 384, 404, 394, 454,
384, 401, 401, 439, 355, 370, 371, 401, 332, 347, 346, 369, 315, 326, 324, 344, 301, 310, 308, 323, 290, 296, 294, 304, 280, 283, 282, 288, 271, 273, 273, 276, 265, 266, 265, 267, 261, 261, 260, 261, 259, 259, 259, 259, 260, 259, 259, 260, 263, 262, 262, 264, 268, 269, 268, 272, 277, 278, 277, 283, 287, 290, 288, 298, 297, 303, 301, 316, 310, 317, 315, 335, 327, 337, 335, 360, 348, 358, 357, 388, 385, 404, 401, 455,
389, 406, 407, 443, 359, 375, 375, 404, 337, 351, 350, 374, 319, 330, 329, 348, 305, 314, 311, 327, 293, 300, 298, 308, 284, 288, 287, 293, 275, 278, 277, 281, 269, 270, 269, 271, 264, 265, 265, 265, 264, 263, 263, 263, 264, 264, 264, 265, 266, 267, 266, 269, 272, 273, 273, 276, 280, 282, 281, 287, 289, 292, 292, 302, 299, 306, 304, 319, 314, 321, 320, 340, 330, 340, 339, 364, 353, 363, 362, 392, 389, 412, 405, 461,
398, 417, 415, 453, 366, 386, 385, 415, 342, 359, 358, 383, 325, 338, 336, 357, 310, 322, 320, 336, 299, 307, 305, 316, 289, 294, 293, 301, 282, 285, 285, 288, 275, 277, 277, 279, 270, 273, 273, 273, 270, 270, 270, 272, 270, 271, 270, 273, 273, 275, 275, 277, 279, 281, 280, 285, 286, 290, 288, 295, 295, 300, 299, 311, 306, 313, 311, 326, 320, 329, 327, 348, 338, 348, 346, 373, 358, 371, 369, 402, 399, 424, 420, 465,
408, 432, 428, 467, 376, 397, 396, 429, 352, 370, 369, 395, 332, 348, 347, 368, 317, 331, 328, 346, 306, 316, 314, 328, 297, 305, 303, 312, 288, 295, 294, 299, 284, 287, 287, 291, 279, 283, 283, 286, 278, 281, 281, 283, 280, 282, 282, 286, 282, 285, 285, 290, 289, 292, 291, 298, 295, 300, 299, 309, 304, 311, 310, 323, 315, 324, 322, 340, 330, 340, 338, 360, 347, 359, 358, 384, 370, 384, 382, 416, 411, 434, 430, 484,
421, 449, 446, 487, 387, 412, 412, 445, 362, 383, 382, 412, 341, 360, 358, 384, 327, 343, 341, 361, 314, 327, 326, 341, 305, 316, 314, 326, 298, 306, 306, 314, 292, 299, 299, 305, 289, 295, 295, 301, 288, 293, 293, 298, 289, 294, 295, 300, 292, 297, 297, 304, 298, 304, 304, 313, 305, 312, 311, 324, 314, 323, 322, 339, 325, 336, 335, 355, 341, 354, 352, 377, 360, 375, 372, 402, 384, 401, 399, 433, 427, 452, 447, 508,
438, 471, 468, 510, 404, 430, 429, 465, 376, 399, 398, 431, 355, 377, 374, 402, 338, 358, 355, 379, 324, 341, 339, 359, 315, 329, 328, 344, 308, 321, 320, 333, 303, 314, 313, 323, 299, 310, 309, 318, 299, 308, 308, 317, 300, 309, 309, 319, 303, 313, 313, 323, 306, 318, 317, 331, 314, 327, 325, 341, 326, 339, 337, 357, 338, 353, 351, 374, 354, 369, 367, 396, 374, 393, 390, 423, 401, 420, 418, 455, 447, 484, 476, 531,
458, 494, 488, 541, 420, 453, 450, 492, 390, 420, 417, 455, 366, 393, 390, 424, 350, 374, 370, 400, 336, 358, 356, 380, 326, 347, 345, 365, 318, 336, 335, 353, 313, 330, 328, 345, 309, 326, 325, 340, 307, 324, 324, 338, 310, 325, 324, 341, 312, 329, 327, 344, 318, 334, 333, 352, 325, 343, 343, 363, 337, 355, 354, 378, 349, 370, 368, 397, 366, 388, 385, 421, 389, 412, 410, 449, 415, 443, 440, 482, 463, 510, 505, 566,
482, 523, 512, 592, 450, 488, 483, 548, 410, 450, 450, 508, 385, 420, 417, 481, 368, 396, 395, 453, 357, 384, 379, 424, 341, 368, 365, 410, 332, 361, 353, 398, 328, 350, 350, 390, 323, 348, 345, 382, 326, 351, 345, 383, 326, 351, 347, 385, 329, 349, 349, 386, 337, 361, 357, 393, 343, 364, 362, 410, 356, 376, 375, 427, 370, 394, 389, 442, 390, 411, 411, 477, 410, 442, 436, 500, 444, 471, 474, 543, 505, 542, 541, 0/*642*/